H1 = [1 1 1 1; 4 1 0 0; 1 2 0.01 1;3 2 0 1]';
H2 = [1 0 0 0; 0 0.7 0 0;0 0 0.25 0;0 0 0 0.1]';
H3 = [1 0 1 0; 0 0.5 0 0; 0 0 0 0; 0 0 0 1]';
e1 = 1 - H1'*(H1*H1'+1)^-1*H1;
e2 = 1 - H2'*(H2*H2'+1)^-1*H2;
e3 = 1 - H3'*(H3*H3'+1)^-1*H3;
